0 0.812664 0.925792 0.150000 0.143861
0 0.429770 0.925792 0.132242 0.143861
0 0.528711 0.726479 0.068359 0.103097
0 0.718422 0.604090 0.064609 0.080347
0 0.850078 0.562396 0.061766 0.079153
0 0.785410 0.561993 0.099039 0.095264
0 0.276934 0.604681 0.046836 0.076667
0 0.456922 0.587201 0.055906 0.070347
0 0.591023 0.523118 0.037328 0.045514
0 0.386320 0.626479 0.060344 0.094069
0 0.482926 0.471910 0.041492 0.029542
0 0.575605 0.480167 0.052039 0.051056
0 0.613719 0.476444 0.036594 0.034639
0 0.306184 0.413299 0.020102 0.019597
0 0.482750 0.459958 0.040453 0.051111
0 0.264020 0.484660 0.043320 0.061153
0 0.451648 0.520903 0.047781 0.056639
0 0.212137 0.402792 0.025914 0.035833
0 0.247305 0.394021 0.030437 0.029986
0 0.406730 0.436521 0.030586 0.041903
0 0.373617 0.440486 0.036984 0.043028
0 0.344930 0.489757 0.048422 0.066819
0 0.180051 0.388535 0.028383 0.036569
0 0.778355 0.422250 0.054789 0.071361
0 0.255098 0.547514 0.043320 0.055500
