0 0.499820 0.556868 0.065250 0.073042
0 0.532348 0.674667 0.070008 0.105194
0 0.491508 0.462472 0.038531 0.040222
0 0.626020 0.499549 0.052102 0.053181
0 0.447813 0.457743 0.046500 0.048264
0 0.440617 0.581764 0.052109 0.067083
0 0.353422 0.465382 0.048797 0.066292
0 0.279227 0.579271 0.102594 0.212708
0 0.342871 0.543014 0.040086 0.067778
0 0.298934 0.523333 0.123211 0.097694
0 0.722699 0.548438 0.064523 0.070153
0 0.595125 0.528715 0.048922 0.060597
0 0.839027 0.618604 0.091758 0.080875
0 0.971215 0.707368 0.057570 0.108764
0 0.836348 0.544208 0.083883 0.084222
0 0.515551 0.438451 0.049055 0.053236
0 0.429871 0.424292 0.036977 0.040778
0 0.363598 0.433347 0.033133 0.036250
0 0.384941 0.426556 0.021023 0.033972
0 0.326328 0.412965 0.027391 0.033986
0 0.286824 0.406167 0.032492 0.031722
0 0.254008 0.452604 0.036937 0.036236
0 0.240969 0.433347 0.036344 0.036250
0 0.215152 0.398236 0.030586 0.036250
0 0.199543 0.403903 0.023570 0.036250
0 0.176289 0.390875 0.017844 0.028306
