0 0.382625 0.481910 0.041547 0.050458
0 0.825617 0.553174 0.072453 0.071042
0 0.765852 0.602361 0.068687 0.075500
0 0.559059 0.775174 0.082117 0.124764
0 0.835090 0.689382 0.090305 0.084542
0 0.485961 0.466681 0.033984 0.043111
0 0.555629 0.460847 0.035242 0.038972
0 0.282715 0.652715 0.056102 0.099875
0 0.502848 0.649896 0.069930 0.107847
0 0.245195 0.468882 0.037844 0.045958
0 0.474445 0.467375 0.056922 0.043306
0 0.970070 0.722278 0.056266 0.126306
0 0.204855 0.393076 0.033195 0.035403
0 0.270707 0.407479 0.028414 0.030208
0 0.304035 0.403701 0.028680 0.029264
0 0.323156 0.418333 0.031859 0.026444
0 0.311738 0.477576 0.044617 0.044847
0 0.622219 0.449736 0.051000 0.044611
0 0.631270 0.483382 0.047711 0.041681
0 0.614402 0.505313 0.052648 0.053375
0 0.262809 0.546840 0.048414 0.063431
0 0.226605 0.932021 0.111898 0.131903
0 0.425281 0.943188 0.116469 0.113625
0 0.347941 0.438403 0.033227 0.026806
0 0.389793 0.432917 0.034742 0.030000
0 0.323359 0.520576 0.047531 0.081431
