0 0.389180 0.420306 0.036672 0.043972
0 0.315691 0.475090 0.045398 0.059653
0 0.274734 0.486486 0.042437 0.054389
0 0.373410 0.507542 0.048336 0.054389
0 0.503191 0.424215 0.108555 0.094736
0 0.622598 0.865437 0.132242 0.184208
0 0.468652 0.960347 0.128289 0.079306
0 0.653609 0.444035 0.127781 0.082236
0 0.253023 0.942632 0.105594 0.114042
0 0.955594 0.604542 0.060469 0.071000
0 0.258871 0.546056 0.041852 0.098833
0 0.565293 0.478840 0.051898 0.052153
0 0.682031 0.497563 0.052500 0.052875
0 0.800590 0.506889 0.063258 0.047667
0 0.567648 0.498556 0.055547 0.091250
0 0.778430 0.655236 0.084578 0.071583
0 0.332496 0.536979 0.043039 0.062375
0 0.301055 0.650069 0.051656 0.093056
0 0.424316 0.566549 0.052336 0.080403
0 0.821996 0.559021 0.068773 0.055764
0 0.709703 0.551840 0.060687 0.062014
0 0.216465 0.393014 0.022180 0.028806
0 0.249727 0.402868 0.032406 0.030319
0 0.283414 0.402868 0.033266 0.033347
0 0.302605 0.423333 0.025586 0.025778
0 0.360605 0.407417 0.032414 0.024250
0 0.344824 0.430167 0.029852 0.036389
