0 0.191988 0.400813 0.022852 0.034069
0 0.236219 0.408674 0.030219 0.031458
0 0.427184 0.434479 0.040773 0.047569
0 0.556516 0.467326 0.053516 0.079292
0 0.480438 0.610597 0.063969 0.100083
0 0.237359 0.527958 0.050328 0.077333
0 0.269762 0.487778 0.048602 0.057611
0 0.306453 0.469028 0.047781 0.048694
0 0.398832 0.444111 0.036320 0.035111
0 0.267547 0.408014 0.029484 0.030139
0 0.592855 0.462701 0.050383 0.053486
0 0.374250 0.612118 0.066531 0.115236
0 0.772852 0.652861 0.078312 0.090583
0 0.814422 0.519597 0.059906 0.057917
0 0.768801 0.568944 0.067367 0.067306
0 0.608117 0.889674 0.110719 0.182292
0 0.275813 0.707993 0.062688 0.101264
0 0.271941 0.832722 0.080508 0.161889
0 0.686523 0.742688 0.090188 0.116347
0 0.497332 0.481389 0.042758 0.038750
0 0.462691 0.949444 0.114289 0.095083
0 0.326355 0.416861 0.034852 0.035861
0 0.635223 0.557438 0.058961 0.051931
0 0.762918 0.409319 0.037430 0.050444
0 0.965617 0.707667 0.064375 0.065278
