0 0.700043 0.537701 0.057023 0.058625
0 0.173414 0.379056 0.073719 0.082556
0 0.252102 0.399333 0.023469 0.030333
0 0.223309 0.407229 0.026305 0.029708
0 0.259566 0.417028 0.028445 0.030333
0 0.338664 0.417660 0.034484 0.034125
0 0.296184 0.401542 0.031992 0.027167
0 0.270410 0.436299 0.035898 0.032236
0 0.236637 0.439139 0.035195 0.035389
0 0.230063 0.467903 0.035547 0.038556
0 0.990824 0.642319 0.018023 0.057972
0 0.205137 0.473785 0.026133 0.029681
0 0.438078 0.582187 0.048578 0.062819
0 0.623305 0.679708 0.078016 0.101861
0 0.292566 0.503799 0.040148 0.049764
0 0.552844 0.472118 0.052297 0.055625
0 0.262273 0.898542 0.121719 0.191667
0 0.778332 0.642958 0.087617 0.117111
0 0.842543 0.615944 0.072773 0.069472
0 0.616543 0.497646 0.051570 0.059653
0 0.285625 0.625569 0.053938 0.103528
0 0.736105 0.518403 0.052773 0.050639
0 0.476270 0.632667 0.059898 0.081889
0 0.273965 0.460951 0.040883 0.042347
0 0.322695 0.444861 0.045156 0.052861
0 0.366195 0.438493 0.035234 0.040125
0 0.403637 0.446319 0.039648 0.040139
0 0.463109 0.452201 0.039641 0.046014
0 0.515969 0.433597 0.048453 0.049917
0 0.660789 0.464431 0.051766 0.048944
0 0.377758 0.512396 0.046250 0.058736
0 0.460355 0.520229 0.053961 0.074403
0 0.545598 0.582187 0.072242 0.099597
0 0.330766 0.534222 0.047375 0.073444
