0 0.417336 0.540903 0.060453 0.081250
0 0.521508 0.653722 0.071312 0.110250
0 0.850840 0.694007 0.089523 0.083181
0 0.340656 0.542938 0.051359 0.061986
0 0.284801 0.690958 0.060633 0.132806
0 0.211293 0.401986 0.030242 0.031444
0 0.264008 0.394743 0.023594 0.027458
0 0.409402 0.675194 0.059086 0.113833
0 0.364184 0.430681 0.036477 0.035528
0 0.670977 0.954931 0.113609 0.084556
0 0.267227 0.587076 0.047422 0.076542
0 0.492895 0.547451 0.059711 0.078625
0 0.236355 0.521903 0.044945 0.058972
0 0.262176 0.481924 0.039086 0.047181
0 0.225676 0.451785 0.039805 0.049792
0 0.444992 0.461611 0.042047 0.048500
0 0.486629 0.445236 0.035383 0.044556
0 0.373844 0.405264 0.032437 0.032750
0 0.243738 0.407882 0.031695 0.032764
0 0.313867 0.415049 0.029781 0.041597
0 0.246949 0.907264 0.098727 0.153556
0 0.877773 0.645674 0.082687 0.071264
0 0.576258 0.483083 0.050875 0.052889
0 0.774734 0.870417 0.118641 0.148306
0 0.456187 0.604014 0.051344 0.077194
0 0.715336 0.513646 0.055375 0.059792
0 0.700340 0.598917 0.066695 0.071306
