0 0.307414 0.529340 0.047016 0.072653
0 0.562031 0.488944 0.044984 0.054278
0 0.597887 0.644042 0.075008 0.090861
0 0.432406 0.893090 0.106391 0.203875
0 0.857656 0.710208 0.113750 0.114028
0 0.505555 0.461188 0.041328 0.042903
0 0.852441 0.942514 0.107055 0.108250
0 0.829355 0.611667 0.074336 0.068611
0 0.985902 0.637000 0.028195 0.087583
0 0.632266 0.562333 0.053750 0.052278
0 0.381602 0.625500 0.051797 0.079833
0 0.335074 0.431243 0.029539 0.035819
0 0.663594 0.519090 0.052813 0.050681
0 0.344984 0.488986 0.041312 0.054667
0 0.295297 0.464097 0.044297 0.055500
0 0.342344 0.409833 0.027312 0.023667
0 0.253184 0.403708 0.028461 0.039167
0 0.234820 0.400854 0.024328 0.028569
0 0.186758 0.395681 0.027734 0.036972
0 0.569375 0.447125 0.043141 0.044889
0 0.273965 0.839493 0.085648 0.135764
0 0.423809 0.421687 0.037070 0.034153
0 0.239656 0.521167 0.040266 0.063167
