0 0.401004 0.677424 0.060992 0.114903
0 0.443539 0.502944 0.049437 0.066778
0 0.369398 0.587653 0.046719 0.076750
0 0.390766 0.585007 0.090297 0.082125
0 0.373984 0.522153 0.049063 0.055500
0 0.544410 0.455889 0.056070 0.058889
0 0.380035 0.471743 0.044602 0.052097
0 0.330344 0.479674 0.044594 0.054375
0 0.255801 0.475139 0.040773 0.045306
0 0.248473 0.444562 0.035039 0.043042
0 0.293820 0.415368 0.034141 0.035097
0 0.260914 0.414639 0.024266 0.026333
0 0.216289 0.403674 0.021391 0.021931
0 0.233152 0.401847 0.022211 0.022667
0 0.185645 0.393799 0.018508 0.021208
0 0.352504 0.413264 0.024742 0.037472
0 0.409316 0.582924 0.053508 0.068403
0 0.693453 0.502632 0.035781 0.050653
0 0.174332 0.395646 0.017273 0.023431
0 0.418555 0.430243 0.039766 0.037431
0 0.866469 0.931986 0.134094 0.136028
0 0.223184 0.908681 0.126742 0.182639
0 0.652504 0.955389 0.129023 0.081194
0 0.597602 0.826569 0.094047 0.139778
0 0.498109 0.628722 0.066484 0.102194
0 0.766156 0.642278 0.077375 0.085111
0 0.920125 0.651618 0.100234 0.102764
0 0.703902 0.503556 0.056852 0.056694
0 0.628617 0.510549 0.052250 0.047597
0 0.650879 0.573160 0.051320 0.038792
0 0.467348 0.438743 0.040352 0.050375
0 0.308668 0.521285 0.039961 0.057486
0 0.544996 0.502125 0.044727 0.050056
0 0.657918 0.699174 0.088586 0.113542
