0 0.260762 0.453903 0.034570 0.042417
0 0.384488 0.635917 0.102352 0.201667
0 0.733328 0.801951 0.129641 0.188014
0 0.212195 0.405924 0.018141 0.033236
0 0.431832 0.513861 0.043523 0.069750
0 0.293238 0.778486 0.072430 0.150000
0 0.737738 0.492535 0.051555 0.051847
0 0.748547 0.577972 0.070609 0.064361
0 0.544289 0.733528 0.073797 0.110306
0 0.301063 0.596229 0.042797 0.074347
0 0.897281 0.460250 0.070922 0.064389
0 0.508844 0.566375 0.054641 0.063167
0 0.328020 0.541375 0.038570 0.062972
0 0.292254 0.506646 0.039008 0.062097
0 0.251699 0.551090 0.041086 0.049458
0 0.913605 0.577306 0.082945 0.086500
0 0.322051 0.417250 0.041477 0.034167
0 0.333816 0.486021 0.042555 0.046042
0 0.423293 0.566174 0.057148 0.086431
0 0.260637 0.411278 0.028086 0.038167
0 0.261781 0.484625 0.038250 0.042417
0 0.192082 0.387299 0.028633 0.039153
0 0.371707 0.474451 0.040961 0.042486
0 0.400391 0.412972 0.043281 0.056000
0 0.289133 0.438556 0.037844 0.040944
