0 0.216367 0.399826 0.036891 0.040125
0 0.221047 0.425278 0.037437 0.036222
0 0.347145 0.434090 0.039648 0.038181
0 0.435797 0.438493 0.039641 0.043069
0 0.507375 0.440451 0.121156 0.139014
0 0.428363 0.503590 0.047898 0.061681
0 0.359535 0.416958 0.028086 0.031333
0 0.365039 0.508972 0.047906 0.056778
0 0.560852 0.510090 0.048672 0.048569
0 0.289469 0.501903 0.037484 0.041806
0 0.227262 0.470313 0.069102 0.060264
0 0.697781 0.591556 0.142875 0.134139
0 0.779273 0.545604 0.044672 0.039958
0 0.745027 0.559569 0.055695 0.054778
0 0.396125 0.691528 0.059344 0.093444
0 0.659371 0.514181 0.059820 0.047861
0 0.240484 0.466326 0.041906 0.049708
0 0.502387 0.554028 0.049195 0.056472
0 0.267316 0.539250 0.040164 0.069194
0 0.449109 0.947542 0.123359 0.096500
0 0.866848 0.720812 0.096039 0.097514
0 0.620637 0.550562 0.052273 0.055542
