0 0.663152 0.476292 0.043758 0.030861
0 0.811191 0.676153 0.085023 0.082917
0 0.678078 0.954250 0.121031 0.091500
0 0.545082 0.582840 0.072977 0.107458
0 0.285238 0.629354 0.051602 0.077319
0 0.273438 0.586111 0.036875 0.048500
0 0.328730 0.545486 0.050133 0.066833
0 0.236219 0.521896 0.037594 0.053736
0 0.339418 0.489132 0.046445 0.061597
0 0.350109 0.458993 0.041281 0.043236
0 0.201203 0.475375 0.033906 0.052417
0 0.240273 0.457028 0.036859 0.052417
0 0.268285 0.441958 0.042758 0.051111
0 0.499738 0.482583 0.045680 0.048500
0 0.446305 0.462931 0.042016 0.051111
0 0.539555 0.436715 0.041281 0.056347
0 0.470633 0.424264 0.056766 0.044556
0 0.391758 0.439993 0.037594 0.055042
0 0.372961 0.411160 0.029484 0.041931
0 0.314367 0.417056 0.042047 0.040611
0 0.261277 0.410507 0.027273 0.035375
0 0.236215 0.403299 0.039070 0.028819
0 0.187195 0.396743 0.023594 0.026208
0 0.682719 0.721694 0.086203 0.128083
0 0.522504 0.693181 0.066523 0.116250
0 0.676910 0.580743 0.062211 0.066819
0 0.929129 0.608486 0.083602 0.075306
0 0.397578 0.657521 0.069687 0.137236
0 0.596523 0.529813 0.038641 0.048931
0 0.610254 0.474090 0.050336 0.051625
0 0.447281 0.573403 0.053781 0.065833
0 0.979398 0.580125 0.041125 0.071694
0 0.936516 0.692208 0.085641 0.076556
0 0.282738 0.782111 0.078508 0.169556
0 0.840418 0.959729 0.047195 0.068264
